1
0.197737
0.271605
0.274786
0.22223
0.21625
0.216796
0.204374
0.202671
0.199288
0.1968
0.205398
0.18458
0.20033
0.184537
0.191052
0.19662
0.188409
0.181495
0.187156
0.187151
0.185948
0.184182
0.191796
0.183904
0.183197
0.176427
0.180046
0.189828
0.170271
0.178509
0.188011
0.166196
0.171119
0.191044
0.157948
0.178373
0.164091
0.17487
0.182742
0.153762
0.158488
0.169866
0.164088
0.151614
0.183215
0.139075
0.175246
0.128366
0.157708
0.150177
0.148885
0.168637
0.122482
0.146103
0.14084
0.143343
0.131353
0.14168
0.138935
0.127803
0.161248
0.106445
0.129191
0.130097
0.125981
0.126689
0.122124
0.124733
0.120172
0.11863
0.117427
0.113507
0.115363
0.110832
0.112545
0.108792
0.106172
0.108843
0.103841
0.102614
0.102674
0.0996497
0.113476
0.0849675
0.0959
0.0950709
0.0929427
0.0918504
0.0913371
0.0894927
0.0895216
0.0883057
0.112141
0.058593
0.0859253
0.0831854
0.0839787
0.0796622
0.106202
0.0720383
0.0577583
0.0803869
0.100929
0.0488429
0.0997748
0.0668389
0.076472
0.0698143
0.0692397
0.0440593
0.0675538
0.0696356
0.0656545
0.0637216
0.0804106
0.0608727
0.0386587
0.0804518
0.0545448
0.0444642
0.0559623
0.0508522
0.0583575
0.0522273
0.0517895
0.0508403
0.0503139
0.048754
0.0427084
0.0638814
0.0349811
0.0402468
0.0487403
0.0430945
0.0424598
0.0372751
0.0408837
0.0520367
0.0370945
0.0287254
0.0375861
0.0472152
0.0290369
0.0400147
0.030044
0.0399653
0.0245317
0.03294
0.032235
0.038211
0.0308898
0.0244707
0.035774
0.0239249
0.0315893
0.0315253
0.027917
0.0290907
0.0255904
0.0244065
0.0262945
0.0282699
0.0215219
0.0272816
0.0278967
0.0214194
0.0220959
0.0287744
0.0187943
0.023133
0.0246408
0.0236186
0.0193309
0.0236895
0.0214612
0.023384
0.019634
0.0220339
0.0204605
0.0201844
0.0180524
0.0197522
0.0201007
0.0192084
0.0203072
0.0171829
0.0189773
0.0167231
0.0195965
0.0194011
0.0177124
0.0161712
0.017362
0.0185237
0.0158469
0.0179332
0.0165978
0.0153565
0.0151191
0.0172806
0.0148458
0.0158263
0.0168285
0.0155162
0.0164219
0.0151943
0.0140809
0.0139062
0.0167249
0.0135505
0.0146676
0.0141733
0.0134914
0.0150741
0.0147488
0.0128652
0.013084
0.0135836
0.0143974
0.0131667
0.0135415
0.0131565
0.0136711
0.0114947
0.0137069
0.0133702
0.0120362
0.0130534
0.0118388
0.0122839
0.0114697
0.0133924
0.011509
0.0124327
0.0109422
0.0126316
0.0105051
0.0127267
0.0103245
0.0113735
0.0113273
0.0123655
0.0100856
0.0121148
0.00992824
0.0111091
0.0106461
0.0117303
0.0106476
0.00964211
0.0114804
0.00966234
0.0103846
0.0111321
0.0102388
0.00986121
0.00965024
0.0105082
0.00951296
0.0103915
0.00930715
0.0106429
0.00969045
0.00962859
0.00877392
0.00953077
0.0102477
0.00867643
0.00934667
0.0100156
0.00852159
0.00987993
0.00840119
0.00906382
0.00905489
0.00964501
0.00890491
0.00883211
0.00812436
0.00875851
0.00917281
0.00818653
0.00904301
0.00809453
0.00848314
0.00845609
0.00885562
0.0083574
0.0083073
0.00783692
0.0088029
0.00816898
0.00749674
0.00855706
0.00761543
0.00839686
0.00754212
0.0078582
0.00791957
0.00822174
0.00732072
0.00773342
0.00816122
0.00722272
0.00819875
0.00757272
0.00695638
0.00808447
0.00733985
0.00707559
0.0079056
0.00723256
0.00696439
0.0076527
0.006802
0.00764476
0.0067322
0.00722787
0.00708821
0.00742229
0.00712947
0.0064539
0.00695284
0.00701714
0.00680148
0.0068648
0.00682203
0.00679484
0.00728638
0.00621404
0.00680359
0.00657779
0.00675366
0.00693211
0.00617595
0.00696516
0.00610446
0.00689918
0.00654925
0.00593777
0.00689245
0.00600448
0.00623902
0.0067259
0.00588383
0.00637293
0.00654539
0.00628896
0.00571996
0.00662626
0.0056704
0.00622138
0.00636275
0.00605253
0.00564738
0.00612766
0.00598216
0.00623126
0.0055343
0.00629178
0.00587144
0.00558341
0.00616698
0.00548034
0.00566742
0.00613913
0.00547323
0.00598476
0.00568876
0.00541512
0.00552453
0.00600986
0.00535235
0.00589318
0.00555116
0.00512026
0.00552086
0.00561488
0.00576418
0.00545228
0.00515027
0.00529324
0.00539459
0.00572772
0.00497866
0.00533002
0.00543138
0.00557303
0.00522344
0.00529059
0.00523019
0.00517775
0.00523775
0.00512846
0.00480548
0.00548422
0.00511259
0.00509511
0.00473938
0.00505825
0.005425
0.00464786
0.00535285
0.00502439
0.00496748
0.00457499
0.00530733
0.00489122
0.00468721
0.00512369
0.00484154
0.00488588
0.00483385
0.00478498
0.00458887
0.00499823
0.00479574
0.00474934
0.00470793
0.00439559
0.00506059
0.00468815
0.00432496
0.00465803
0.00499232
0.00462568
0.00458253
0.00459536
0.00457991
0.00436919
0.00474899
0.00455873
0.00449485
0.0043105
0.00468429
0.00447645
0.00445992
0.00444871
0.00443222
0.00444009
0.0043898
0.00439433
0.0040626
0.00436071
0.00447534
0.00421954
0.00463742
0.00430591
0.00431315
0.00408119
0.0042656
0.00443643
0.00425802
0.00391436
0.00451491
0.00403083
0.00439282
0.00417708
0.00415691
0.00415234
0.00396957
0.00400749
0.00411394
0.00422465
0.00408948
0.00426229
0.0037641
0.00405806
0.0043533
0.00403529
0.00383806
0.0041961
0.00398777
0.0040054
0.00396353
0.00396565
0.00378796
0.00394318
0.00410274
0.00374371
0.00408121
0.00372798
0.00388346
0.004034
0.00386093
0.00386402
0.00355475
0.00383016
0.00381893
0.00408051
0.00352223
0.00378938
0.00405335
0.00376577
0.00376858
0.00358171
0.00362047
0.00372751
0.00398953
0.00370431
0.00354499
0.00383604
0.00341458
0.00393027
0.00365865
0.00349633
0.00379202
0.00362122
0.00362552
0.00359909
0.0036043
0.00358057
0.00357879
0.0034281
0.00371694
0.00328825
0.00365564
0.00368094
0.00337732
0.00340517
0.00376347
0.00335576
0.00363612
0.00347311
0.00347979
0.00320831
0.00345505
0.00370147
0.00317884
0.0034261
0.00367206
0.00340225
0.00340476
0.00324781
0.00327496
0.00362633
0.00311839
0.00361076
0.00335088
0.00309676
0.00333501
0.00357171
0.0033126
0.00331584
0.00330136
0.00328853
0.00328542
0.00328332
0.00302756
0.00350436
0.00325067
0.00311565
0.0033696
0.00299371
0.00333213
0.00334984
0.00320523
0.00319743
0.00295504
0.00318307
0.00328202
0.00306552
0.00339723
0.00315088
0.00314659
0.00291536
0.00313393
0.00323281
0.00324569
0.00310873
0.00287599
0.00332575
0.00309015
0.00308221
0.00295204
0.00319379
0.00294498
0.00317862
0.00304972
0.0030392
0.00281067
0.00302929
0.00324064
0.00301631
0.00300384
0.00278052
0.00299332
0.00320819
0.00276222
0.00297347
0.00296842
0.00317686
0.00295494
0.00283356
0.00305763
0.0028189
0.00304727
0.00270694
0.00312983
0.00279653
0.00290207
0.00300948
0.00289083
0.00276893
0.00299027
0.00287313
0.00275471
0.00276362
0.00306294
0.002846
0.00283989
0.00283397
0.00272072
0.00293387
0.00281811
0.00270311
0.00280429
0.00279876
0.00279324
0.00269494
0.00298865
0.00257365
0.00297542
0.00276673
0.00276253
0.00255246
0.00284583
0.00265133
0.00283406
0.00273078
0.00272543
0.00282533
0.00261029
0.00271085
0.00280685
0.00250011
0.00288981
0.00268833
0.00257828
0.00278245
0.00267194
0.00266623
0.00266195
0.00265574
0.0026489
0.00254283
0.00255014
0.00272841
0.00273125
0.00262284
0.00261926
0.00261259
0.00251076
0.00260293
0.00250826
0.00259357
0.00277797
0.0025849
0.00247901
0.00267408
0.00257051
0.00256535
0.00246324
0.00255504
0.00264514
0.00254328
0.00253832
0.00243852
0.00252918
0.00252488
0.00261691
0.00251465
0.00241797
0.00241944
0.00250159
0.00258528
0.00258574
0.00248618
0.00248479
0.00247675
0.0024733
0.00246891
0.00246484
0.00245845
0.00236465
0.0025436
0.00226681
0.00262076
0.00243775
0.00243064
0.00233583
0.00234001
0.00259595
0.00241471
0.00240948
0.00222995
0.00248696
0.00231207
0.00239311
0.00256534
0.00238364
0.00228986
0.00229275
0.00254558
0.00227754
0.00245188
0.00235786
0.00218378
0.00252231
0.00234791
0.00233958
0.00233958
0.00233314
0.00232903
0.00232609
0.0023215
0.00231863
0.00222514
0.002309
0.00230462
0.00221889
0.00229751
0.00245907
0.0022059
0.00236919
0.00228121
0.00211218
0.00227295
0.00227043
0.00243062
0.00226193
0.00225785
0.0022565
0.00224872
0.00224886
0.0020773
0.00232073
0.00231935
0.00222992
0.00206325
0.00238892
0.00221711
0.00221545
0.00221322
0.00212654
0.00228822
0.00220088
0.00219635
0.00211085
0.00219044
0.00226561
0.0021028
0.00226238
0.00217654
0.00201214
0.00216846
0.00224227
0.00224266
0.00215488
0.00207549
0.00207588
0.00230442
0.00214454
0.0021398
0.00198334
0.00213448
0.00228795
0.00212627
0.0021234
0.00196582
0.00227309
0.0020331
0.00210862
0.0021056
0.00202919
0.00225135
0.00194506
0.00216816
0.00208976
0.00216131
0.00193363
0.00215562
0.00207631
0.00214967
0.00207242
0.00206375
0.00206537
0.0019081
0.00220658
0.00198098
0.00212393
0.00190051
0.00211726
0.00211311
0.00203691
0.00203768
0.00202852
0.00203045
0.00187521
0.00216774
0.00194766
0.00208716
0.00193921
0.00208415
0.00186
0.0021472
0.00200034
0.00199958
0.00199316
0.00184605
0.00198782
0.00205693
0.00191054
0.00212419
0.00183211
0.00197348
0.00197009
0.00210965
0.00182319
0.00196106
0.0021013
0.00181077
0.00209556
0.00194913
0.00194674
0.00180195
0.00194106
0.00200764
0.00186488
0.00193266
0.00206854
0.00193073
0.001784
0.00192079
0.00191888
0.00205246
0.00177618
0.00205143
0.00183635
0.00183509
0.00190172
0.00189886
0.00189609
0.00196266
0.00195724
0.00188777
0.0018176
0.00195354
0.00187721
0.00174182
0.00194243
0.00193734
0.00186828
0.00173312
0.0019315
0.00192996
0.00185443
0.00185493
0.0018524
0.00171721
0.00184777
0.00191236
0.00184157
0.00177298
0.00190522
0.00176807
0.0019658
0.00182952
0.00175926
0.00182405
0.00188676
0.00182267
0.00181304
0.00174974
0.00181214
0.00187574
0.00167369
0.00187057
0.00186787
0.00179853
0.00173136
0.0018585
0.00179439
0.00165749
0.00185305
0.00171949
0.00178179
0.00178004
0.00190494
0.00177493
0.00171061
0.00183492
0.00170201
0.00183069
0.0016986
0.00182602
0.00175538
0.00169497
0.00168892
0.00175014
0.00187731
0.00168184
0.0018088
0.00174139
0.00161265
0.00186342
0.00173395
0.00166851
0.00179468
0.0017244
0.0016659
0.00165978
0.00178415
0.00171804
0.00177555
0.00159203
0.00183445
0.00170886
0.00158476
0.00182624
0.00158054
0.00182149
0.00169759
0.00157482
0.00181863
0.00168783
0.00168848
0.00168622
0.00162534
0.00174413
0.00167714
0.0016782
0.00167642
0.00161628
0.00167113
0.00173079
0.00154458
0.00178724
0.00166002
0.00160257
0.00159855
0.00165698
0.00171508
0.00170981
0.00165014
0.00164848
0.00165017
0.00158393
0.00170205
0.00158017
0.00157882
0.00175331
0.00163358
0.00151636
0.00174931
0.00162476
0.00162594
0.00162291
0.00150652
0.00173836
0.00149998
0.0017305
0.00149816
0.00167023
0.00166501
0.00161132
0.00154628
0.00160349
0.00160091
0.00165781
0.00159392
0.00154008
0.00159404
0.00164647
0.00153569
0.00158727
0.00152731
0.00170066
0.00146542
0.00169316
0.00157813
0.00152265
0.00162795
0.00157223
0.00151556
0.00162239
0.00156686
0.00151005
0.00156222
0.00150421
0.00167306
0.00144244
0.0015554
0.00161028
0.00149492
0.00160632
0.00160436
0.00149013
0.00154425
0.00148636
0.00165089
0.00142917
0.00164874
0.00153135
0.00153601
0.0015276
0.00153242
0.00147195
0.00157802
0.00147219
0.00157403
0.00146762
0.00151846
0.00156871
0.00146245
0.00156823
0.00145699
0.00156247
0.00145567
0.0015064
0.00155594
0.00150248
0.00139449
0.00160972
0.00149464
0.00149517
0.00144223
0.00154407
0.00144001
0.00148836
0.00153784
0.00138035
0.00153874
0.00153217
0.00143011
0.00147801
0.00152731
0.00147862
0.00142082
0.00152304
0.00146959
0.00136387
0.00152069
0.00141183
0.0015679
0.00135798
0.0015138
0.00145863
0.00150723
0.00145888
0.00145049
0.00145162
0.00134736
0.00150243
0.00144706
0.00149452
0.00134128
0.00144196
0.00154608
0.00133339
0.00143687
0.00148853
0.00143425
0.00137998
0.00148348
0.0014289
0.00137538
0.00142632
0.0015294
0.00131947
0.00147373
0.00136819
0.00152292
0.00136513
0.00141524
0.00141356
0.00146368
0.00141087
0.00140551
0.00136004
0.00135471
0.00140472
0.00150528
0.00129959
0.00150267
0.00134728
0.00144796
0.00139549
0.00129229
0.00149464
0.00134002
0.00143938
0.00128563
0.00148418
0.00128639
0.00148143
0.00133432
0.0013798
0.00132779
0.00137695
0.00137587
0.00147439
0.00136961
0.00137461
0.00132075
0.00141467
0.00136995
0.00136557
0.00136113
0.00136581
0.00126246
0.00140978
0.00140744
0.00135657
0.00135228
0.00135386
0.00135237
0.00135071
0.00134974
0.00125297
0.00134699
0.00144465
0.00129516
0.00139116
0.00129266
0.0013402
0.0012897
0.00138646
0.00138398
0.00133086
0.00128735
0.00137698
0.00132987
0.00133218
0.00132746
0.00132584
0.00122828
0.00132299
0.00137049
0.00132048
0.00131921
0.0012693
0.00141002
0.00131534
0.00122071
0.00140544
0.00126721
0.0013538
0.001312
0.00121132
0.0013981
0.00130756
0.00125637
0.00134878
0.00129723
0.00125589
0.00134517
0.00120245
0.00138656
0.00124999
0.00129258
0.00124407
0.0013839
0.00119432
0.00133515
0.00133272
0.00128163
0.00119286
0.00128183
0.0012806
0.00127937
0.00132576
0.00131994
0.00127563
0.00127413
0.00118354
0.00131946
0.00131697
0.0012668
0.00127173
0.0012216
0.00121889
0.00135729
0.00126052
0.00117291
0.0013071
0.00130488
0.00125826
0.00125372
0.00121331
0.00120824
0.00129943
0.00125218
0.00129597
0.00124637
0.00125127
0.00124382
0.00120386
0.00124503
0.00128526
0.00120058
0.00119571
0.00123962
0.00132635
0.00115007
0.00128247
0.00127976
0.00114421
0.00132242
0.00114201
0.0013206
0.00118463
0.00118247
0.00122681
0.00127118
0.00126876
0.00122292
0.00113334
0.00130748
0.00121977
0.00121869
0.00121728
0.00121916
0.00121516
0.00121078
0.0012157
0.00120845
0.00112502
0.00129761
0.00112062
0.00129231
0.00116551
0.00124867
0.00116014
0.00120216
0.00124463
0.00119703
0.00115927
0.00119805
0.00115247
0.00127995
0.00119749
0.0011504
0.00114827
0.0012782
0.00114736
0.00114525
0.00118828
0.00118702
0.00118569
0.00126842
0.00118364
0.00118566
0.00109499
0.00117997
0.00126217
0.00118094
0.00109099
0.0012623
0.00113286
0.00117361
0.00121485
0.0010865
0.00121387
0.00120865
0.00108618
0.00116705
0.0012486
0.00116518
0.00116416
0.00108133
0.00120517
0.0011994
0.00115992
0.00111991
0.00111504
0.00115682
0.00124032
0.00107073
0.00123742
0.00111121
0.00115125
0.00119201
0.0011493
0.00110707
0.00110479
0.0011889
0.0011839
0.00114405
0.00114306
0.00110437
0.00109886
0.0011402
0.00113918
0.00121826
0.00113714
0.00109798
0.00117576
0.00113376
0.00109232
0.00117031
0.00113377
0.00104801
0.00121172
0.00112769
0.00112704
0.00108558
0.00112525
0.0011613
0.00112293
0.00108463
0.001159
0.00112311
0.00111604
0.00103976
0.00115896
0.00107487
0.00111511
0.00119535
0.00111051
0.00111211
0.00107422
0.00115065
0.0011092
0.00106838
0.00114402
0.00110613
0.00102761
0.00118228
0.00110642
0.00110248
0.00109894
0.00102359
0.00117697
0.00102156
0.00117791
0.00105781
0.00109588
0.00113452
0.00109122
0.00105699
0.00112839
0.00109405
0.00108995
0.00108908
0.00104963
0.00112675
0.00100723
0.00108543
0.00116086
0.00108693
0.0010044
0.00115801
0.00104488
0.00111878
0.00107922
0.00107559
0.00100178
0.00115225
0.00107818
0.000995951
